[gd_scene load_steps=4 format=2]

[ext_resource path="res://Maps/DoorTemp.gd" type="Script" id=1]

[sub_resource type="SpatialMaterial" id=1]
albedo_color = Color( 0.588235, 0.294118, 0, 1 )

[sub_resource type="BoxShape" id=2]
extents = Vector3( 1.17029, 2.19252, 0.272607 )

[node name="Spatial" type="Spatial"]
transform = Transform( 1, 0, 0, 0, 1, 0, 0, 0, 1, 18.067, 25.88, 33.334 )

[node name="Closet" type="CSGBox" parent="."]
transform = Transform( 1, 0, 0, 0, 1, 0, 0, 0, 1, -18.1054, -24.6749, -33.6676 )
use_collision = true
width = 4.74112
height = 5.0
depth = 18.1101

[node name="Inside" type="CSGBox" parent="Closet"]
transform = Transform( 1, 0, 0, 0, 1, 0, 0, 0, 1, 0, 0, 0.488197 )
operation = 2
width = 4.29608
height = 4.86732
depth = 17.068

[node name="CutoutShape1b" type="CSGBox" parent="Closet"]
transform = Transform( 1, 0, 0, 0, 0.991892, -0.127082, 0, 0.127082, 0.991892, 2.22762, 0.216124, -0.578685 )
operation = 2
width = 1.05336
height = 0.693999
depth = 0.0875671

[node name="CutoutShape2b" type="CSGBox" parent="Closet"]
transform = Transform( 1, 0, 0, 0, 0.649448, 0.760406, 0, -0.760406, 0.649448, 2.13093, -0.239633, -0.447079 )
operation = 2
width = 1.05336
height = 0.452
depth = 0.0875671

[node name="CutoutShape3b" type="CSGBox" parent="Closet"]
transform = Transform( 1, 0, 0, 0, 0.991892, -0.127082, 0, 0.127082, 0.991892, 2.22762, -0.693789, -0.341921 )
operation = 2
width = 1.05336
height = 0.693999
depth = 0.0875671

[node name="Door" type="CSGBox" parent="."]
transform = Transform( 1, 0, 0, 0, 1, 0, 0, 0, 1, -18.0573, -24.8847, -24.639 )
use_collision = true
width = 2.80359
height = 4.53641
depth = 0.396887
material = SubResource( 1 )
script = ExtResource( 1 )

[node name="Area" type="Area" parent="Door"]

[node name="CollisionShape" type="CollisionShape" parent="Door/Area"]
shape = SubResource( 2 )

[node name="MafiaDoor" type="CSGBox" parent="."]
transform = Transform( -4.37114e-08, 0, 1, 0, 1, 0, -1, 0, -4.37114e-08, -15.8307, -24.8847, -34.0271 )
use_collision = true
width = 2.80359
height = 4.53641
depth = 0.396887
material = SubResource( 1 )
script = ExtResource( 1 )

[node name="CutoutShape1" type="CSGBox" parent="MafiaDoor"]
transform = Transform( -4.37114e-08, -0.127082, -0.991892, 0, 0.991892, -0.127082, 1, -5.55493e-09, -4.3357e-08, 0.205546, 0.425992, -0.049531 )
operation = 2
width = 1.05336
height = 0.694
depth = 0.088

[node name="CutoutShape2" type="CSGBox" parent="MafiaDoor"]
transform = Transform( -4.37114e-08, 0.760406, -0.649448, 0, 0.649448, 0.760406, 1, 3.32384e-08, -2.83883e-08, 0.0884219, -0.0237808, -0.049531 )
operation = 2
width = 1.05336
height = 0.451968
depth = 0.088

[node name="CutoutShape3" type="CSGBox" parent="MafiaDoor"]
transform = Transform( -4.37114e-08, -0.127082, -0.991892, 0, 0.991892, -0.127082, 1, -5.55493e-09, -4.3357e-08, -0.0163171, -0.478564, -0.049531 )
operation = 2
width = 1.05336
height = 0.694
depth = 0.088

[connection signal="body_entered" from="Door/Area" to="Door" method="_on_Area_body_entered"]
